0.599257  0.167651   10.2438   0.48401  0.000837464    1.0841  0.560382  -0.295856 
0.663879  0.212788   44.1611  0.603261  -0.317969  -1.46579   1.18954  -0.0329518 
-0.428772  0.336627   4.76807  0.609364  0.423296  0.114019  0.783738  -0.644708 
0.513283  0.575112  -63.5877  0.219494  0.352545   1.80743  0.560395  -0.295477 
-0.260801  0.647786   12.5772  0.0402332  -0.528239  -0.108867  0.727379  0.0447187 
-1.31532  0.304163  -41.5772  -0.131097  0.426335  -1.31826  0.539299  0.504654 
-0.218169  -0.45912  -9.54688  0.245049  0.761093   1.38489  0.339908   0.16019 
0.0874739  -0.514044   25.3705  0.319834   0.35962   -1.6461  0.416788  -0.0861556 
-0.509434  0.725602   18.2774  0.238155  -0.366861   1.17911  0.659362  -0.0194512 
0.212935  -0.587951   2.22167  0.484559  -0.378269   1.93231  0.815623  -0.0901388 
 1.50721  -0.39558   16.8866  0.260384  -0.670256  -0.144178  0.969778  0.236563 
0.751635  -1.00785  0.132196  0.082483  0.818891  -0.922371  0.673114  0.156952 
0.605426  -0.424731  -10.5375  0.159666  -0.404331   1.35978  -0.776809  0.694744 
 1.02309  0.0188741  -50.8202  0.110928  0.683887  -0.978312  -0.0445374  0.885409 
 0.51122  0.322662   -8.5132  0.0539307  -0.0673921      1.07   1.38831  0.0216577 
 1.18522  0.575189   -28.769  0.309676  0.382727    2.6598  0.429011  -0.740423 
0.265969  0.512512  -5.40405  0.252325  -0.838149  -0.404689   1.22343  -0.508107 
-0.323251  -0.298185  -17.6584  0.292582   0.48481  -0.491282  0.867678  0.124562 
0.601249  -0.832175   14.9718  0.209058  -0.347582   0.80597  -0.643575  0.284627 
0.734493  -0.579705   64.0892  0.356004  0.231076  -0.885423  -0.21657  -0.071011 
-0.233378  -0.693765   33.8961  0.434624  0.337139   1.09228  -0.410488  0.349897 
-0.663078  -0.549886  -9.45962  0.376096   0.43772   2.05979  0.216161  0.250577 
-0.0906695  -0.59963   35.2053  0.409522  0.523219  0.692099  0.380899  -0.085516 
-0.691183  -0.599708   14.8509  0.274701   1.31304  -0.318593  0.325376  -0.624641 
0.703383  -0.293575  -2.71881  0.319734   1.12398  0.241758    1.3812  0.371273 
0.732536  -0.403816   28.7985  0.313684   1.18022  -0.0890341  0.985199  0.664398 
 1.34855  -0.19817   34.9055  0.297712  -0.674957  0.180973  0.854411  0.900105 
0.587027   -0.2972  -24.2503  0.285989  -0.318794   1.55128  0.484404  0.513332 
0.00092751  -0.332756   39.5147  0.487335  -0.41321  0.625888   1.18141  -0.191152 
-0.919119  -0.582267  -21.7397  0.662412  0.229509  -0.753005   1.88164  -0.0849358 
 1.80166  -0.954313  -10.8094  0.0502787  0.095074  0.0974472  0.288929  -0.0596139 
 1.05755  -0.0426016  -40.4921  0.297123  0.816341  0.236955  -0.323025  -0.228063 
0.850341   0.55148   23.8149  0.361911  0.0310258  -1.37104  -0.819042  -0.521861 
0.839528  0.335837  -47.3409   0.47247  -0.547939   1.62647  -0.316134  -0.312703 
0.513738    0.2176  -8.97599  0.460168  -1.78016  0.270377  0.250106  0.343325 
0.587219  0.686113  -31.9304  0.822608  -0.994589  -0.869216   -1.0347  0.164746 
 0.10131  0.867116   14.0999  0.692552  -1.01667  0.209736  0.538518  -0.35176 
 1.96349   0.94357  -21.3828  0.658057   0.24268  0.829043  0.934157  0.0371164 
0.590758   1.66411  -116.576  0.656075  0.342865  -1.31325  0.560081  0.552879 
0.453621   2.58035  -86.0316  0.572492  -1.23832   1.66556  0.239946   1.39529 
0.875342   2.67076  -22.6666  0.777071  -0.837752  -0.167135  0.595929   2.22685 
 1.05388   2.81039    29.479   0.92303  -0.0108542  -0.864727   1.01075   2.66973 
 1.27367   1.73852   13.2093   1.09034  0.259333  0.0974245  0.836861  -0.144483 
 0.64876  0.485069  -33.3734  0.935601  -0.218437   1.07923  0.371735  0.045786 
-0.705811  -0.242037   21.0336  0.767573  0.452994  -0.449861    1.1625  0.123592 
-0.697726  -0.0729462   96.3778  0.992507  -0.938561   2.21295  0.582028  0.748273 
-0.506163  -0.373156   41.4427  0.728419  0.0827392  0.349954   1.05803  0.615264 
-1.39789  -0.650805   1.48834   0.31838  -0.942951  -0.710139   1.05005  0.228118 
0.195809  -0.284949   34.4186  0.562966  0.701782   1.14651   1.04318  -0.018868 
0.130796  -0.442951    26.236  0.477646  -0.0383003   1.22322  0.362744  -0.0165083 
0.142254  -0.727187  -48.8571   0.32598  -0.00105415  0.194828  0.104226  -0.0114945 
-0.0198563  -0.641507   79.1872  0.188144  -0.111713   1.87064  -0.245343  -0.282822 
0.907369  -0.569566  -9.34791   0.42205  0.939451  0.0907428  0.134879  -0.515653 
0.154459  -0.850771   8.29769  0.622237  -0.690589   0.37395  0.305641   -0.3481 
-0.747733  0.0927148  -3.67202  0.173224  0.257503  0.514402  0.318458  -0.163804 
0.223504  0.247982   23.8453  0.137919  -0.0965935  0.490309  -1.01934  -0.395793 
0.210162  0.311291  -1.24769  0.348691  -0.776266  0.451317  0.311672  -0.909601 
-0.651646  0.314314  -66.1035  0.264116  -0.0678459  0.851324  0.0177872  -0.498907 
0.832158  0.494147   13.0614  0.267692  -0.26707  -0.730669  0.730334  -0.536252 
0.376971  0.536636   9.40705  0.329339  -3.36809  -0.0563611  0.289767  -0.426842 
0.972017  0.721236  -0.162666  0.514872  0.550106  0.522091  0.680187  -0.476874 
0.818919  0.562935  -3.04534  0.481932  0.563005  -0.283602  0.660917  -0.0404145 
 1.26525  0.457337   19.7617  0.275102   0.70173   1.11141  0.111128  -0.215615 
0.724329  0.378304   21.7059  0.130568  0.0523905   1.46831  0.244948  0.161571 
0.858013  0.344773  -27.6292  0.235331  -0.650978  -0.92528  0.0398406  0.118091 
 1.19707  0.0889909  -28.9836  0.0759382  -0.538206  -0.100572  -0.133162  0.267462 
-0.614544  0.645846   6.34669  0.126733   -0.6685  0.740379  -1.12643  0.0497149 
0.206609  -0.00106348    49.264  0.189964  -0.12457  0.0818867  -0.672756  -0.163336 
0.285353  -0.227732    58.171  0.188462  0.539544   1.42689  -0.191332  -0.0403978 
-0.0184348  -0.0339131  -52.5848  0.162804  0.366622  0.911601  -0.213331  -0.488135 
-0.316355  -0.398922  -2.41984  0.0565688  0.643155  -0.486991  -0.341251  -0.232323 
-0.709442  -0.597254  -4.37424   0.11785  0.117059  -0.0957838  -0.429304  -0.424809 
-1.07112  0.322833   8.85605  -0.0206172  0.420926  0.456868  0.477398  0.0203207 
-0.277048  0.212313   40.5734  0.0432895  -0.454752  0.273275  0.555097  0.591019 
0.0035739  0.319479  -3.91963  0.0936406  -0.537207  0.757683  0.155841  0.378651 
 1.35876  0.213201  -54.9754  0.0228265  0.529318   0.26419  0.267677  0.343831 
0.832327  0.0919803   17.1895  -0.0791767  -0.0441087  -0.407702  0.257735  -0.136439 
0.337198  0.156871   4.73512  0.00817405   1.51106  -0.844495  -0.137392  -0.207672 
-0.27516  0.569905  -14.9346  0.0108932  -0.0194105  0.673057  -0.0451805  0.158411 
-0.239328  0.477069  -4.41726  -0.104554  0.284984  0.342564  -0.0509322  0.0361646 
0.408367  0.205518   19.4897  -0.223256  -0.764205  0.220371  0.436164  0.215026 
-1.85109  0.0824422  -0.266042  -0.123321  0.466024  -0.0865212  -0.524475  0.0691413 
-0.558727  0.728275   67.5989  -0.189173   0.30424  0.101086  -0.319765       0.1 
 -1.6126  0.720935   8.34447  -0.154332  0.653452  -0.674806  -0.564865  0.519614 
0.343061  0.290439  -0.425239  0.042785  -0.676547  0.922345  0.382216  0.0918611 
-0.264908  0.463074   30.2921  -0.105546  0.650863  0.402353  0.176168  0.050913 
0.419486  0.430051  -0.100933  -0.0857241   0.17371   0.93856  0.961462  0.272415 
-1.59825  0.481029    5.0433  0.0686434  -1.52416   1.03317   1.36508  0.532494 
-0.477276  0.955942  -38.1918  0.106751  0.754064  0.0254749    1.0635  0.903064 
-0.510527   1.46434  -4.54617  0.208359  0.0344425  -0.458918   1.21861   0.38445 
0.154646  -0.62471   17.8841  0.537221  -0.303442   1.70793  0.810595  -0.444033 
 -0.4489  -1.15033   34.0014  0.441663  0.445569  0.976741  0.589239  -0.375631 
-0.244406  -0.876272   43.0084  0.351954  0.235347  0.715349  0.790686  -0.527996 
-2.64172  -0.761005  -21.0473  0.0949395  0.978802   1.99286  0.525757  -0.597828 
 -1.0311  -0.741436  -31.8824  -0.0535041  -0.118795  0.140064  0.328955  -0.598505 
0.063035  -1.05574   53.7632  0.0511072  0.402439  -1.06993  0.212739  -0.758958 
 1.10558  -0.73236   1.99348   0.26082  0.109086   1.85992  -0.132972  -0.0332038 
-1.00733  -0.436534   26.1108   0.49014  -0.680062  -0.14307  -0.679055  0.0364497 
0.174513  -0.116357   28.4178  0.357677  0.104106  0.0720375  -0.366573  -0.0828398 
-1.77717  0.0990005    14.562  0.165251  -0.652692   1.08014  -0.520145    0.2648 
-2.22444  0.216474  -20.0731  0.0928643  -0.0250389  0.470252  -0.100131  0.590405 
-0.289213  0.265008   9.67255  0.264041  -1.16325  -1.26204  -0.0508058  0.321741 
-0.122035   0.75823  -0.0971692  0.234197  -0.17331   1.61501  -0.214207  -0.224444 
-0.71354   1.02927  -31.3798  0.286012  -0.235148  0.134019  -0.715634  -0.30005 
0.0138858  0.999783   1.42714  0.057011  -0.182617  -0.113274  -0.330842  -0.0182033 
0.198324   1.09385   37.1714  -0.039426  0.146484  0.898534  0.150605  -0.106956 
-0.906501   1.70721  -45.8637  0.0221639  -0.670827  0.901341  -0.307624  0.403132 
-0.451384   2.18913  -40.0181  0.143237   -1.0409  -1.40655  -0.248803  0.364672 
0.449038  0.927099  -8.38781  0.361361  0.374807     0.287   1.12833  -0.812467 
-0.922812  0.302102   39.8295  0.189302  0.987391  -0.207893   1.27755  -0.342376 
0.408847  -1.04048   6.83652  -0.0122829  -0.904567  -0.430685   1.16054  -0.174263 
0.426398  -1.01515   35.2807  -0.00454413  0.486681   1.07962  0.733838  -0.504579 
 1.07826  -1.17622  -1.55434  0.0518054  -0.385514   0.86913  0.566489  -0.686873 
0.913681  -1.72075   15.7913  0.0682979  0.548431  -1.41516  0.654788  -0.702388 
0.566502  -0.440571  -17.3785  -0.169916  -0.110761  0.681689  0.214695  -0.524889 
 1.09994  -0.396575   64.2389  -0.137304  0.456318  0.418596  -0.0018149  -0.620013 
0.881648  -0.476915   28.0459  -0.382702   0.52089  -0.358896  -0.341552  -0.751746 
0.757718  -0.413193  -28.7099  -0.521373  0.380672  0.372811  -0.0806907  -0.753541 
-0.478415  -0.603031  -8.24498  -0.403093  0.690743  0.816618  -0.0378109  -0.917539 
-1.87635  -0.586753  -13.4994  -0.0430615  -0.217965  -1.58277  -0.18379  -1.06197 
0.355884   0.76236    6.3309  0.133598  -0.404041   1.27048   -0.2298  0.0138912 
 0.12464  0.678052  -80.2518  0.0776625  -1.38554  0.829285  -0.684605  0.0787492 
-1.05705  0.490783  -15.7448   0.19812  -0.525213  -0.580908  -0.756761  0.419568 
0.822972  0.298431  -13.1006  0.164432  -0.00870419    0.2502  -0.803217  0.495707 
 0.90654  0.194435   51.3644  0.121862   0.82955  0.621407  -0.279081  0.586112 
0.420298  0.379825    -17.99  -0.046537    1.1256  -1.99949  -0.0378562  0.555626 
 1.13891  -0.207928  0.940258  -0.194778  -0.887702   1.26797  -1.05408  0.277501 
 1.21773  -0.353484  -5.74242  -0.317569  -0.638395  0.957973  -1.10872  0.117283 
 1.38994  -0.651986   41.0646  -0.272864  -0.0244158  -0.656419  -0.719229  -0.538029 
0.0255614  -0.875965   63.5088  -0.128891  -0.0454376  -0.585012  -0.618721  -0.800947 
0.577323  -1.02483   42.6737  -0.281077   1.11766  -0.872104  -0.106318  -0.929811 
0.816024  -1.38487   21.1193  -0.310455  -1.62842    -1.146  -0.193558  -0.770439 
0.249947  -0.707638   41.4496  -0.0317673  -0.758154  0.273255  -0.109574  -0.487139 
0.399409  -0.63603    77.967  0.153507   -1.1618  0.645862  0.342057  -0.351054 
0.149277  -0.825718  -16.0261  0.0860116  -0.421435  -0.27233  0.671208  -0.524511 
 1.23807  -0.99604  -11.8818  0.0870128  -1.33082  -1.78952  0.664146  -0.852686 
-0.933469  -0.913501   54.7831  -0.00546142  0.221537  -0.212916  0.262676  -0.584358 
-0.449883  -1.20655   18.8287  0.0219635  -0.234305  -0.728708  0.002496  -0.268705 
-0.0614056  -0.673007   -17.141  -0.208857  -0.867835   1.34174  -0.439933  -0.00360697 
-0.527565  -0.445897   53.1763  -0.328633   0.25468   1.62535  -0.0337436  -0.0135637 
-0.089981  -0.871095   38.5833  -0.23974  -0.337198  -0.462242  0.296341  0.0497977 
-0.0716124  -0.599035  -1.27248  -0.33238  -0.210944  -1.05563  0.330369  0.294205 
-0.186885  -0.723601   30.8924  -0.258238  -1.76629  0.175573  0.307165  0.112217 
0.00887095  -0.624063    60.638  -0.321827  -1.91138  -0.81892  0.530131  0.0591605 
0.638304   0.55725  -11.6317  -0.31883  -0.0521897   1.03293  -0.211726  -0.039636 
 0.61772  0.297051   34.5857  -0.238041  -0.610992   2.01344  -0.49085  -0.321233 
-1.59076  0.306972  -16.1073  -0.0943649  -0.185814  -0.867053  -0.381341  -0.212324 
-0.523209  0.320508  -12.8631  -0.157731  -0.52896  -0.852546  -0.0994885   0.27883 
-1.02865   0.66136  -31.9982  0.0201489  0.0570313  0.478762  -0.0509826  0.441655 
-1.89499  0.726707    1.1474  0.0591599  -1.20064  -0.286931  0.0247672  0.294916 
0.817535  0.480758  -11.9223  0.374266  0.0178635  0.858021  -0.114819  0.126239 
0.0255836  0.903687    39.795  0.342338  -0.394208   2.68013  -0.697474  0.299856 
-0.092872   1.37576    11.702  0.189283  0.254924  -0.274064  -0.749443  0.225162 
 1.30991   1.38848   20.5462  0.208013  -0.516138  -1.93876  -0.537348  0.159759 
-0.0315882   1.39945  -93.4888  0.276341  -0.167655  -0.88415  -0.160712  0.224328 
-0.0809218   1.53106  -63.2432  0.150915  -1.53752  -0.629342  0.0834669  0.690745 
0.742036  0.166175  -9.61296  0.175194  0.439439   1.07241  0.437431  -0.0587441 
 1.32591  0.136169  -20.9956  0.134418  -0.890456   2.29892  0.151952  -0.347938 
0.264901  0.204381  -12.8886  0.0844779  -0.394478  -0.324776  -0.0235232  0.0124416 
 1.05801  0.0283119   47.7556  -0.0700494  0.265378  -1.93157  0.290648  0.312432 
 0.93336  0.140648   27.3205  -0.0669011   0.18889  -0.567461  0.311459  0.337521 
0.0475528  -0.142806   7.46611  -0.0246762  -0.843368  -0.527554  0.105061  0.000336737 
-0.365682  -0.0267264  -15.6036  0.0569215  -0.134911    1.0098  0.177697  -0.000425049 
-0.665693  -0.101917   8.11373  0.194208  0.0404444   2.45631  0.179243  -0.124578 
-0.67159  -0.601119   20.1207  0.254968  0.0369568  -0.666487  -0.0574521  -0.398085 
0.615191  -0.827559  -21.9351  0.235879  0.704793  -1.96038  -0.071222  -0.627084 
-0.172471  -0.639145   28.4299  0.168158  0.373227  -0.905072   0.37157  -0.405567 
-1.05202  -0.545748  -12.6245  -0.0840445  -0.0535873  -0.211265  0.260837  -0.367765 
-0.337506  0.157835  -0.494245  0.187923  -0.789105  0.636787  0.217151  -0.241169 
0.293933  0.0459822   31.5231  0.0882706  0.434068   1.61569  0.606381  -0.554697 
-1.04556  0.286694  -84.9699  0.0647478  0.507347  0.430002  0.769629  -0.388539 
-0.365806  0.514689  -98.6257  0.158727  -0.894216  -0.806291  0.638736  -0.38489 
 2.15957  0.638366  -68.7608  0.137776  0.414986  -0.893184  0.522698  -0.579706 
0.157828  0.816401  -27.4152  0.0767407  -0.606553  -0.169476  0.241743  -0.603488 
0.673715     1.311  -12.4849  -0.170216  0.0574881   1.21438  -0.653939  0.384098 
-0.148663     1.056  -34.8676  -0.154938  -0.395484  0.402683  -0.684222  0.594675 
-1.05798  0.981645  -20.6606  -0.0655368  -0.317535   1.06409  -0.0821306  0.355574 
-0.779838  0.545559   28.5836  -0.0645168  -0.0193564  -0.884602    0.1114  0.119708 
0.461961   0.45438   66.4486  -0.0499595  0.980641  -1.00469  0.519028  -0.0518627 
-0.688549  0.580323  -29.1058  0.0388832  -0.181704  -0.111687  0.281805  0.149179 
0.308731  -0.110575  -13.9755  0.0956989  -0.74852  0.757064  -0.18139  -0.06039 
0.426539  -0.261129  -48.6582  0.175669  0.446934  0.617172  0.0804042  -0.411708 
-0.427764  -0.325749  -50.2512  0.165956  0.063085  0.626379  0.719544  -0.277052 
-0.883986  -0.240656    16.293  0.167355  0.0654249  -0.994514  0.713088   -0.4047 
0.198154  -0.217825  -45.1421  0.0369424  0.392887  -1.22671  0.593013  -0.277903 
0.695735  -0.295924  -24.0965  -0.161991  0.906929  0.414401  0.258871  0.00437476 
-0.285494   0.83238  -11.2662  -0.174759  0.191018  0.221453  -0.342971  -0.114196 
0.270383   1.23337  -59.7488  -0.313199  -1.38425   0.64186  -0.515257  0.117653 
0.355375   1.66933   6.85815  -0.389632  -0.715637  -0.195832  -0.686523  0.467276 
 1.87915   1.92524  -45.4976  -0.329377  -0.434019  -0.994625  -0.561868  0.618049 
-0.328652   2.13684   40.4673  -0.151561  -0.677471  -0.488617  -0.465783  0.846305 
 0.81356   2.34029  -8.38711  -0.0529488  0.433912   0.70009  -0.973862  0.978605 
 1.49777  0.0971568   3.14318  -0.200925  0.199212  0.0795416  -0.652415  0.221376 
0.275651  -0.0261699  -36.6395  -0.400797  -1.37719  -0.229851  -0.30099  0.132337 
 1.76761  -0.394298   6.16749  -0.497463  -0.392258  -0.624744  -0.068896  -0.101597 
0.573378  -1.12038   16.6117   -0.6717  0.0391994  -0.953636  -0.33258  0.257897 
0.00423666  -1.03378   24.9766  -0.541809  -0.295452  0.388471  -0.539617  -0.116731 
0.977976  -1.05916   50.7223  -0.562809  -0.475128  0.671279  -0.156906  -0.624937 
-1.14449  -0.173433   15.5525  -0.558376  0.334505   0.79333  -0.646326  0.0621622 
-1.18688  0.0425549   15.9699  -0.758523  -0.335555  -0.945862  -0.980102  -0.126664 
-0.695128  0.106761  -25.1231  -0.64857  -0.357183  -1.22745  -1.09785  0.193523 
0.326764  0.212343  -45.6789  -0.535152   -0.5286  -1.59725   -1.3093  0.266713 
-0.12742  0.159362   -44.514  -0.68768  0.383007  -0.14414  -1.11366  0.225707 
-0.506507  0.425294  -7.36839  -0.593131  0.822954  0.0776673  -1.21915  0.576517 
-0.51962   1.30199  -5.43811  -0.312352   0.25452   1.08362  -0.401332  -0.194624 
-0.434028   1.31188  -72.7208  -0.410396  -0.17697  -1.18187  -0.890712  -0.0666337 
-0.398835   1.46608  -27.1138  -0.335123  0.0849543  0.0785338  -0.87448  0.0674013 
  1.3483   1.63836  -37.4696  -0.459944  -0.105573  -2.08486  -0.931755  0.180894 
0.834619   1.79193   4.09536  -0.593552  0.326978  0.730049  -0.602699  -0.000610746 
0.279802   1.37875   -17.059  -0.489492  -1.15687  0.129656  -0.545855  -0.112172 
0.453837  -0.112511  -20.2287  -0.187955  -1.14334   1.17681  -1.16264  0.0343023 
-0.516303  -0.324561   18.2886  -0.0499873  -0.640677  -0.791185  -1.29812  -0.168296 
-0.460439  -0.479294   14.7956  -0.160595  0.752676  0.214722  -0.88423  -0.64775 
0.887792  -0.780856  -0.860197  -0.235178  -0.581184  -1.15157  -0.827988  -1.01697 
0.134188  -0.546273   3.10472  -0.353756  0.354246   1.35124  -0.854384  -1.26499 
-0.492105  -0.194083  -23.6497  -0.330383   1.19201  -0.448855   -1.0947  -0.901209 
0.418251  -0.127628  -26.6194  -0.331173   -1.1738     1.507  -0.0689145  0.0605619 
0.552596  -0.00177069  -9.40205  -0.428112  0.0403285  -0.0134962  -0.0364625  -0.279388 
-0.821165  -0.0457116  -50.9951  -0.459604   -1.0739  -0.137189  -0.502562  -0.280352 
-2.12921  0.354207   58.7492  -0.495915  -0.257897  -1.36278  -0.192987  -0.774859 
-1.49075  0.142926  -70.3859  -0.313062  0.00861701   1.06543  -0.38762  -0.208351 
-0.349836  0.255232  -57.5403  -0.279812  0.0228592  -0.224467  -0.765345  0.307828 
0.780417  -0.578554    -14.01  -0.421749   0.40675  0.934085  -0.922788  0.0924911 
0.972712  -0.426438  -35.6927  -0.184944  0.522639  -0.153608  -1.01097  0.231158 
 0.64388  -0.30115   43.7143  -0.0531042  -0.285947    -0.142  -0.783469  -0.114039 
 1.52644   -0.4601   52.8585  -0.228584  -0.182499  -0.991993  -0.370506  -0.0715036 
 1.45235  -0.650962  -13.3766  -0.291756  0.060938  0.510615  -0.332353  -0.0334101 
0.575713  -0.815517   -35.631  -0.290783  -0.461625  0.293722  -0.398725  -0.0340644 
0.793532  -0.547434  -1.10068  -0.263927  -1.01231  0.310574  0.266237  -0.45574 
 1.04754  -0.577668   46.3167  -0.426306  -0.360893  -1.04372  0.195029    -0.817 
 1.49356  -0.666153   23.4236  -0.494873   1.04188  -0.128911  0.541602  -0.606824 
0.0168764  -0.676325  -20.0321  -0.356702  0.713963  -0.492604  0.492171  -0.829388 
0.710647  -1.26824  -9.86721  -0.278879  -0.687293  0.434303  0.0889642  -0.609011 
-0.680614  -1.33585  -41.1216  -0.29215  0.831012  -0.239589  0.190432  -0.413437 
0.0147212  -0.782831  -17.2913  -0.40289  0.749172  0.0181624  0.557868  -0.293348 
-0.313143  -0.712484    48.226   -0.5005  -0.113377  -1.09373  0.988124  -0.450069 
-1.27403  -0.910911   -34.967  -0.525046  -0.590333  0.502777   0.54285  -0.445243 
0.637236  -1.00123   40.0772  -0.445303  -0.648155  -0.275115  0.137697  -0.487083 
0.747232  -1.13866   32.1421  -0.260433  -0.45377  0.649692  0.248312  -0.81567 
0.964932  -0.964908   30.4878  -0.343887  -0.361129  -0.377701  -0.239284  -0.949583 
-0.0982428  -0.383102  -8.88196  -0.410096   1.03063  0.173051  -1.02603  -0.252408 
0.874618  0.188692   29.0354  -0.318045  -0.112406  -1.43604  -0.673507  -0.57098 
0.969785  0.565857  -119.258  -0.248514  -0.723627  0.997666  -0.810123  -0.443289 
 1.05637  0.614731  -31.6134  -0.258488  -0.308609  -0.980627  -0.911254  -0.383178 
0.115087  0.367144   8.75149  -0.30289  0.510752   1.05248  -0.754888  -0.138698 
0.143857   1.20585  -5.50289  -0.31106  -0.373431  -0.947612  -0.737391  -0.260524 
 1.17922  0.634235  -16.7726  -0.293115  0.324082  0.0930398  0.0101327  -0.0973236 
 1.58087  0.0196284  -57.6553  -0.334628  -0.226222  -1.14445  0.117355  0.171927 
 1.03559  -0.0407471   47.9517  -0.533932  -0.418992   1.05645  -0.307725  -0.163441 
0.177975  0.191277   15.2959  -0.766678  -0.610923  -1.01344  -0.39371  -0.455134 
-1.53897  -0.422608  -49.1391  -0.590854   -1.0235   1.10247  -0.636222  -0.225541 
0.365123  -0.426618  -11.9935   -0.4863  0.689895  -1.77022  -0.35046  -0.135078 
0.112716  0.258024   17.1367  -0.534258  0.543501  0.274828  0.664887  0.471073 
-0.572232  0.263899   51.6541  -0.683017  0.607592  -0.891064  0.766165  0.444413 
0.136345  0.281643  -8.43892  -0.571089  -0.177583  0.176043  0.123393  0.264014 
-0.481487  0.238381  -54.4947  -0.57566  0.329758  -0.683149  0.112998  0.179316 
0.220407  0.106216  -53.6298  -0.554125  -0.480219   1.14716  -0.255527  -0.050664 
0.336011   0.15713  -4.88418  -0.428333  -0.51107  -1.45553  -0.438567  0.236631 
 1.32539  0.809247   10.4461  -0.351551   1.13955  -0.318783  -0.214214    0.2726 
0.106551  0.470036  -1.83656  -0.463139  0.936969  -0.279475  -0.80559  0.474858 
-0.959132  0.897541   48.1704  -0.666366  -0.220858  -0.180468  -1.11852  0.288019 
0.420736   1.05847  -9.78534  -0.60948  0.141943  -0.331961  -0.766518   0.13718 
0.315079   1.48276   12.1796  -0.308318  -0.193341   1.32835  -0.415678  0.181525 
0.614074   1.71464  -36.9748  -0.0909254  -0.0423205  -1.31635  0.262861  -0.0729336 
-0.436552   1.13347   10.1555   0.16992  -1.09619  -0.0830941  -0.283152  -0.179048 
0.236641  0.758772  -6.72721  0.244777  -0.805308  -0.164487  -0.0620335  0.0365246 
0.590111  0.199068  -42.8202  0.241261  0.215393  -0.526079  0.247294  -0.232356 
-0.760574  -0.220658   -29.476  0.247196  -0.542002  -0.300272  -0.426864  0.219113 
-0.955926  -0.400444   10.3889   0.19478  -0.744861   1.54144  -0.11595  0.368795 
-0.613711  -0.757296   10.7345  0.106841  0.942851  -1.76976  0.233697  0.232151 
0.191864  -0.40636  -4.83518  0.00783096  0.236512  0.579895  0.00619829    0.2314 
 0.04058  -0.901819   35.6822  0.0180651  -0.33361  -0.00959806  -0.0438415  -0.220883 
-0.26651  -0.470629  -14.4109   -0.1118  0.339971  -0.498691  0.335852  -0.123627 
-0.621426  -0.742282   47.1334  -0.305976  -0.153767  -0.473483  0.269111  -0.634247 
0.132908  -1.05485   32.9983  -0.227969  -0.304818   1.70912   0.30592  -0.641304 
-0.332989   -1.7568   69.3439  -0.0248404   1.48315  -2.05377  0.427335  -0.75791 
0.174089  -0.72546   18.4742  -0.198165  -0.405662  0.601583  0.728287  -0.424993 
-0.340565  -0.920121   50.8915  -0.145714  0.932036  -0.345309   1.58863  -1.04543 
-0.999197  -1.04668  -26.0015  -0.148982  -0.36254  0.062498   1.91139  -0.780763 
0.112705  -1.39215   32.9427  -0.222807  0.240081  -0.637795  0.889256  -0.0231369 
-0.835498  -1.09358   97.2076  -0.512944   1.13719   1.95361  -0.0639862   -0.1328 
0.271504  -1.76171   81.5532  -0.383768   1.21688  -1.16868  -0.0486305  -0.957833 
-0.373213  0.205183   35.0835  -0.27734  0.313415  0.119972  -0.749585  -1.04652 
-1.56882   0.52764   17.9009  -0.317597  0.805326  -0.729221   -1.7131  -0.210994 
-0.777879  0.243735  -129.092  -0.410277  -1.08914  -1.08711  -0.986918  -0.42434 
-0.267135  0.489936  -22.0479  -0.513667  0.0826843  -0.115406  -0.761796  0.189552 
-0.285633  0.650332   -65.083  -0.453504  0.233214  0.449601  -0.916827  0.342166 
-0.327195   1.53147  -63.2374  -0.392303  0.927802  -0.721391  -0.122622  0.397526 
0.367181  -0.217701  -1.70711  -0.173188  0.112277  -0.477139  -1.24549  -0.0842044 
0.276169  -0.421443   16.0102  -0.287512   1.45507  -1.08613  -0.741305  -0.207898 
0.0439892  -0.309586  -1.38278  -0.436692  -0.0447997  -0.806225  -0.526121  -0.0753988 
0.714311  -0.848734   38.2614  -0.231687  0.401606  -0.114517  -0.939179  -0.163185 
-0.106172  0.113834  -17.4736  -0.0894344  0.597853   0.81839  -0.718822   -0.1958 
-0.0107413  0.696175  -7.22804  -0.076199  -1.71537  -0.774402  -0.71736  0.117923 
-0.86199  -0.113147  -7.49775  -0.272224  0.728388  0.580949  -0.319847  -0.183858 
  -1.521  0.324101  -20.7804  -0.387757  -0.171716  -0.596843  -0.318042  -0.226173 
-0.414185  0.536543   19.0266  -0.466878   1.04399  -0.645736  -0.245861  -0.351779 
-0.266422  0.437442  -79.7292  -0.473625  -0.315629  0.126971  -0.592282  -0.468352 
0.229534  -0.00229145  -48.5643  -0.294265  0.492776  0.839379  -0.347176  -0.591856 
0.240718  -0.245095  -29.5187  -0.260252  -0.17804  -1.07391  -0.124177  -0.265068 
-1.06546  -0.560946  -23.3884  -0.243802   1.03954  -0.748262   0.93223  0.0138143 
-1.23995  -0.654573   3.82893  -0.274527  -0.0443456  -0.551355   1.13511  -0.00672308 
0.869438  -0.0666606  -5.96407  -0.131099  -0.290174  -0.314747  0.912435  -0.0410306 
-0.00519938  0.389066  -6.31985  -0.39247  0.403542  -1.30684  0.634649  -0.633211 
0.768683  0.377401   25.2451  -0.292075  -0.0172032   1.39247  0.698508  -0.343629 
-0.669657    1.0596  -11.6093  -0.0289611  -0.223299  -1.49763   0.49747  -0.354591 
  0.3846  -0.226195   -15.779  -0.475717  0.432654  -0.531873  -0.600987  -0.0514817 
-0.378067  -0.569275   16.9383  -0.427098   1.42665  -0.729966  -0.741778  -0.0254325 
0.988512  -0.948516   18.4453  -0.572534  0.607755  -1.33256  -0.793929  -0.0050888 
-0.224274  -1.17116  -39.7105  -0.490898  0.636311  -1.66065  -0.311651  0.0577798 
0.736295  -1.23063   24.3544  -0.465324  0.281429   1.57776  -0.484436  0.159937 
-0.65083  -1.07087     -26.1  -0.35631  -1.64708  -1.35964  -0.417039  0.171969 
-1.58294  0.109811  -13.0697  -0.37106  -0.277434  -0.176085  -0.27474  0.0506064 
-1.99674  0.236302  -69.7524  -0.411506  0.347309  -1.02668  -0.192609  0.163753 
-1.36259  0.146454   24.4546  -0.444563  0.842692  -0.52507  -0.910297  0.0161904 
-1.20328  0.373605   17.8989  -0.608458   0.10896  -1.15906  -0.799067  0.390486 
-1.24681  0.560863   1.46378  -0.509694  0.629909   1.79604  -0.451395  0.755756 
-2.00759  0.882895  -17.0906  -0.30766   1.07613  -1.13225  -0.137987  0.963566 
-0.125761  -0.181617  -12.2603  -0.00870379  -0.0330853  -0.189696  0.245411  -0.302245 
0.550626  -0.658327   -52.543  -0.260243  -0.106232  -0.838889  -0.0503931  -0.081394 
0.965559  -1.00526    27.364  -0.347536  0.577947  0.361719   0.54971  0.199079 
0.884668  -1.06789  -17.4918  -0.395045  0.748858  -0.367274  0.271505  0.257614 
0.715111  -1.28476   56.3731  -0.381793  0.672954   1.65413  0.0872999  0.221335 
-0.989496  -1.36611  -16.1813  -0.299845    0.4029  -1.47146  -0.0312503  0.609637 
-0.174086  -0.352423    27.749  -0.128465  0.868838  0.0720927   0.45137  -0.0620692 
-0.375548  -0.317422   23.7664  -0.251769  0.333886   -1.5382  0.567974  0.318389 
-0.295908  0.106768   13.2733  -0.237598  0.634814  0.0783075  0.738221  0.361495 
0.122429  0.409983  -29.1824  -0.302252  0.299174  -0.727785  0.547678  0.507855 
-1.27288  0.546022  -53.1175  -0.239308  0.0074347   1.21572  -0.203848  0.865474 
-1.26995  0.942025   -5.8719  -0.167313  -0.756706  -1.00197  -0.391587  0.811045 
-1.08969   0.63642  -1.04161  0.0426806  -0.787344  0.112181  0.341925   0.34532 
-0.0984316  0.378874  -81.8243  -0.00905774  -0.505015  -1.63411  0.574953  0.584287 
-1.10549  0.178198   15.0827  -0.0366014  0.185468  0.300796  0.353621  0.309545 
-0.267551  -0.079625   81.1269  -0.120898  0.268041  -0.564396  0.328886  0.396421 
-0.163415  -0.494106   39.3918  -0.0770704  -0.284623   1.37331   0.41781  0.345436 
 -3.0361  -0.937458  -24.7625  0.119291  -1.47924  -1.11198  0.347993  0.382807 
 0.75507  -0.548534  -8.73226  0.187762  -0.768596   0.71117  -0.295047  0.00670284 
0.0852608  -0.19284  -2.21492  0.0807475  0.146986  -1.47832  0.00862648  0.162123 
0.141966  -0.226049   46.8921  0.00659065  0.0422051  0.448785  -0.00450191  -0.225714 
-1.17766  -0.16016  -20.6637  0.00760884  0.112559  -0.423708  -0.172305   -0.4366 
-0.550204  0.140617  -19.7988  0.0260267  0.0613362    1.5566  -0.0811586  -0.475515 
0.284316  0.414647  -16.5532  0.120934  -1.46681  -0.514593   0.29682  -0.21177 
0.777184  -0.111024  -11.9229  -0.132472  -1.11827  0.658659  -0.210157  -0.0682841 
-1.58328  -0.283214  -9.20556  -0.032832  -0.932173  -1.17923  -0.178317  -0.221363 
-0.502288  0.0225303   10.9014  -0.00525525  0.397439  0.826074  0.0180275  -0.383059 
0.611932  0.0211118  -44.2544  -0.123447  -0.489747  -0.576119  -0.290263  -0.28209 
-0.989176  -0.110075  -38.4894  -0.0559951  -0.152158   1.46119  -0.255621  -0.482764 
-1.93005  -0.224584   45.9562  -0.108834  0.796542  -0.389304  0.00782377  -0.151187 
0.200528  -0.308495  -7.01354  -0.281124  0.883247  0.399447  -0.414854  -0.262051 
-0.378873  -0.17658   19.5038  -0.360119  -0.191657  -1.27325  -0.840323  -0.116711 
0.133148  -0.0177844   14.5108  -0.320364  -0.0651255   1.17966  -0.393632  0.323975 
-0.566856  -0.0131347   -21.245  -0.278686  0.172566  -1.04223  -0.402609  0.159096 
0.202079  0.146699  -40.3801  -0.187771   0.62203  0.925077  -0.894781  0.330598 
0.912712  0.203996   14.0655  -0.0711027    1.0438  -0.765816  -0.67238  0.164102 
0.761188  0.305776  0.895815  -0.212196  0.878587  0.823136  -0.490107  -0.122739 
-0.240212  0.748386   9.81315  -0.186343   1.19227  -1.54326  -0.256641  -0.111903 
 -1.3956  0.699718   7.62014  -0.103828  -0.0873802  -0.364149  -0.273608  -0.136716 
-0.370322  0.793817  -64.1356  -0.143797  0.0202343  -0.134042  -0.384043  -0.220867 
-0.924063   1.09389   2.42927  0.0741533  -1.25519  -0.0676343  -0.291742  -0.488153 
-1.64351   1.43146   19.4749  0.219111   0.55796  -0.536827  -0.23489  -0.00046111 
0.622707  0.592629  -9.69483  0.291949  -0.268336  0.280125  -0.134223  0.429472 
0.798398  0.377289  -48.4775  0.240798  -0.613234  -2.16427  -0.225861  0.0406883 
-0.251229  0.256685   10.1295  0.092509  0.654656  -0.47716  -0.298597  0.0726146 
-0.172758  0.0231544   47.3737  0.0577773  -0.750493  -0.174053  -0.180912  -0.054363 
-0.723112  -0.609093   19.3386  0.177836  -0.71616  0.194354  -0.119988  -0.127354 
-0.0569204  -0.857569   50.3842  0.264089  -0.420805  -0.662938  -0.336415  -0.0301885 
-0.327947  0.253378   12.8145  0.205959  -0.906735  0.0596135  -0.992678  0.349817 
-1.57489  0.206979  -51.1681  0.229289  -0.517436  -2.60898  -0.910775   0.22819 
-1.27194  0.132761   41.1389  0.155913  0.483145  0.118528  -1.04617  -0.0461662 
-0.242283  -0.128179  -38.3169  0.383125  0.371619  0.421336  -0.389484  -0.0993641 
0.728763  -0.313707     3.148   0.38797  0.354212  0.352743  -0.740596  -0.0698754 
0.393977  -0.222168   -7.5064  0.214081  0.808768  -0.66915  -0.609947  -0.546811 
-0.436084   -0.7176   48.2239  0.313767  -0.258593  0.365302  0.0928959  0.0902595 
-1.10566  -0.996606   39.0412  0.284264  0.782221  -2.28369  0.0826324  -0.140655 
0.708045  -1.18563  -15.2518   0.17563  0.408169  0.693617  0.284454  0.00208073 
-0.287944  -1.32724   67.8924  0.121865  0.637972  -0.0672756  0.00666601  -0.302501 
0.373114  -1.34064   35.5573  0.187815  -0.288096  0.102032  -0.201623  -0.935734 
-0.644492  -1.50934    13.503  0.408405  -0.749727  -0.611461  0.172165  -0.803018 
0.699283  -0.409096  -19.5668  -0.165261   1.27987  0.578791  0.709075  0.112394 
0.712988  -0.130217   40.2506  0.0179657  -0.818015   -1.5747   1.33515  0.163547 
 0.19958  -0.0495198  -17.6424  0.0709989  0.210176   1.63961   1.35082  0.309859 
 1.05864  -0.118313   41.4018  0.0294127  0.692312  0.146513   1.13091   0.66555 
-0.151131  -0.463834  0.866707  0.0697371   1.03958   0.33562  0.719861  0.116024 
0.718828  -0.225739  -8.48769  0.163398  0.771353  -0.958172  0.438086  -0.0229843 
-0.0313182  -0.493589  -32.2574  0.067872  -0.949205   1.37128  0.122473  0.671595 
-0.331158  -0.350002  -23.0401  0.0481514  0.350446  -2.50341  0.110771  0.538766 
-1.01214  -0.239772   32.2669  -0.0451315   1.03921  0.935094  -0.262499  0.622011 
-1.07014  -0.0706546  -20.5889  -0.0707149  0.508364  0.0581017  -0.185837  0.483372 
-2.11098  0.0526919   6.37606  -0.165036  -0.0789975  0.100709  -0.143897  0.501164 
-0.184755  0.115149  -23.3783  -0.109958   1.84737  -0.821884  0.206964  0.324786 
0.205584  -0.129503    30.952  0.135716  0.563643   1.76597  -0.756302  0.321381 
0.457886  -0.230857   76.1693  0.276774  0.391252  -2.93412  -1.51794  0.541857 
0.458143  -0.38131  -12.0237  0.0624389  0.181523   1.54398  -1.31985  0.409179 
-1.53565  -0.262818  -23.4795  0.0558183  0.695627  -0.72651  -0.711713  0.207062 
-0.11082  -0.143014   19.0854  -0.0174685  -1.08863  0.217498  -0.622519  -0.0837547 
-0.0537933  -0.206894  -7.56898  0.0176147   1.10397  -0.189495  -0.213321  0.0925306 
-0.929988  -0.308632  -5.73869  0.100478  0.820129   1.22266  0.589666  0.366481 
 -1.3918  -0.101677  -7.52136  0.520689  0.207935  -1.87544  0.594641  0.0727908 
0.692566  -0.181504   55.8856   0.62838  0.178912   2.16507   0.33836  -0.102042 
-0.698275  0.0835152  -53.2701  0.557018  0.424906  -0.770421   0.19644  0.176023 
0.129526  0.171737  -1.60522  0.525628   1.04617  0.415686  0.416037  0.324366 
-0.00296434  0.146272   16.9404  0.275543  0.0801511  0.152094  0.447257  0.158647 
0.192785  -0.908613   11.7707  0.163539   0.09421  0.378246  -0.571859  0.297163 
0.875939  -1.34671    75.588  0.141159  0.527792  -0.331147  -0.598925  0.0481907 
0.756823  -1.75638  -4.60503  0.0695891  0.693223   2.29226  -0.0402785  -0.247754 
-0.184497  -1.68802  -0.360786  0.0674357  0.337242  -0.616832  0.135173  -0.310264 
-0.119807  -1.17803  -10.7959  0.115021  0.677439  0.663975  -0.0784117   -0.2092 
-0.126338  -0.920246  0.549742   0.15672   2.16876  0.379783  0.0243073  -0.422184 
-1.23434   0.11657    -24.02  -0.0711758  -0.0540028  0.987834  0.183402  0.104176 
 -1.3784  0.0788327  -15.8027  0.0958832  -0.199106  -0.106958  0.846081  0.204241 
-1.22056  0.299359  -19.5957  0.0248331  -0.311516   1.28675  0.374365  0.250055 
-2.24539  0.454791  -5.65143  0.264798  0.271176  -0.471944  0.176554  -0.20186 
-0.40573  0.0359393  -17.8865  0.357512  -1.26989  0.946064  -0.51235  -0.262953 
-0.0622766   0.05023   15.7591  0.195161  -0.575569  0.0337712  -1.06615  -0.0312978 
0.478272  0.665356   14.5894  0.396476  0.171641  0.698623  0.220781  -0.354296 
0.849093  0.625468   6.10671  0.420436  0.716208  -0.26507  -0.0114242   0.17448 
0.130304  0.681135   15.9137   0.39933  -0.131999   1.00114   0.32942  0.154398 
  1.5406   1.18524   41.9579  0.404897   0.22815  -0.156055  0.589614  -0.201566 
0.845685   1.06452  -59.1772  0.426165  -0.0496494   1.09495  0.442819  0.239124 
0.221013  0.782287  -5.53155  0.475532  -0.076258  -0.44174  0.0654463  0.236022 
0.931016   1.18311   8.09874  0.335568  0.050085  0.606512  0.285359   1.06074 
0.549684  0.918399   1.11607  0.0712173   0.42913  0.193719  0.647859  0.409065 
-0.545719  0.830224  -54.0769  0.259979   0.61491  0.810126  0.526037  0.239292 
-0.419383  0.840631  -32.5327  0.319357  0.131478  0.132734  0.520871  -0.0981442 
0.197916  0.723506  -34.4678  0.416432  -0.512713   1.07604  0.289892  -0.484937 
-0.231897   1.02932  -9.62219  0.627327  -0.676637  -0.239451  0.400984  -0.515603 
0.0147138  0.0970152  -10.1919  0.321503  -0.0114598     1.123  -0.770657  -0.162522 
0.0195452  -0.267816   10.6254  0.290793  -0.329232  -0.0176923  -0.383749  -0.369992 
-0.0270478  -1.02378   50.1324  0.282553  0.564222  0.835815  -0.253651  -0.703614 
-1.14074  -1.35537   38.4766  0.308877  0.520927  0.469223  -0.0564562  -0.493527 
-1.29896  -1.71707   10.2416  0.331676  0.850146   1.08373  0.230699  -0.339888 
-0.372118  -1.70641  -39.5128   0.20258  0.751942  -0.384963  0.00236373  -0.0553968 
0.197984  -0.37613   23.8175  -0.0347191  0.331376  0.405389  -0.395527  0.160081 
0.397022  -0.0418589  -9.86521  -0.109489  0.117652   -1.1638  -0.0306129  0.454215 
0.0399173  0.0163406   24.7418  -0.0635082  0.0997401  0.880004  -0.0969874  0.631643 
0.365216  0.115867   -28.614  -0.0187079  -0.588512  0.0645112  0.164047  0.610612 
0.0633752  -0.31347   33.7509  0.0826698   1.02455  0.770719  -0.188377  -0.588274 
0.264164  -0.547109   20.7965  0.169032  0.801046  -0.357874  -0.283373  -0.832304 
-0.279286  0.243566  -12.6732  0.169504   0.51441  0.749778  0.910674    1.1116 
-0.174504  0.162423  -25.9559  0.348386  0.0316521  -0.132015   1.22195  0.0749729 
-0.410703  0.325094   73.6511  0.307561  -0.943499  0.977893  0.862227  0.0856673 
 0.57135  0.0599471   55.0953  0.316009  0.478648    0.4476  0.288994  0.305611 
0.709373  -0.331208  -30.6397  0.447641  0.399514  0.966207  0.242076  0.241904 
0.177591  -0.874086   17.7059  0.375731   0.94362  0.370115  0.361725  -0.733247 
-0.618635  -0.11372  -12.1638   0.55952  0.121533  0.528266  0.664654  0.0334678 
-1.14393  -0.877081   -4.3465  0.472085  0.232974  0.340874   0.96049   1.19557 
0.441043  -0.605807   41.3605  0.411669  -0.127912  0.840581  0.342688   1.43026 
-0.439458  -0.507085  -16.5953  0.670733  0.210038  0.905489  0.194104   0.95468 
-0.0615998  -0.268255   42.2696  0.534115  0.094305    1.1274  0.153522   0.28436 
-0.41377  -1.58889   5.21524  0.313172  -0.954923  -0.464597  0.812646  -0.398222 
-0.0810524  0.00694715  0.0455223  -0.108404  -1.01596  0.210255  -1.04214  0.430843 
0.0923915  -0.725577   44.3629   -0.3073  0.912629  -0.490638  -0.989278  0.455779 
-1.97967  -1.03823   9.86985  -0.254486  0.672501   1.47777  -0.804288  0.617244 
-0.68621  -1.57062   34.4141   -0.2825  0.371224  0.912377  -0.951599  0.987711 
0.00838648  -1.28274   -33.121  -0.138305  0.509542  0.820585  -1.07747  0.882218 
-0.0410705  -0.447939   10.8246  -0.165515  -1.34402  -1.12331  -0.867166  0.589895 
0.319945  0.416236  -13.1451  -0.261951  0.131935  -0.581656   0.24418  0.904506 
-0.50665  0.0879598  -40.4278  -0.287057  0.131168  -0.899249  0.408523   0.49263 
-0.518622  -0.193034   18.5792  -0.277339  0.429553  0.695759  0.531124  0.0876945 
-0.260253  -0.402735   53.7234  -0.227215  -0.207311   1.30177  0.625713  -0.135901 
0.574066  -0.287128   65.3883  -0.329815   1.00113  0.626473  0.379858  -0.414481 
0.0328805  -1.25606  -8.86605  -0.26083  -0.332876  -1.58522  0.190325  -0.121434 
-0.278907  0.475792   12.5642  -0.0908495  -0.226216  -0.901068  -0.816078  0.232373 
 1.46469  -0.35513  -12.6184  -0.0976724  -0.323778  -1.22426  -0.91593  0.336387 
-0.235995  -0.815617   7.08855  -0.0541034  -0.242226  0.602747  -0.694301  0.241298 
-1.02534  -0.856036   18.5328  -0.0964752  -0.246844  0.623455  -0.389592  0.0241849 
-0.899142  -0.977645   12.8977  -0.177902  0.100228   1.00976  -0.547759  -0.0404284 
-0.666317   -1.0818  -11.7567  -0.11723  0.635884  -1.68693  -0.249759  0.157512 
0.205754  -0.667043   27.7736  -0.0981706  -0.0538604  -1.41268  0.0867557  -0.0432124 
0.543764  -0.880663  -25.1091  -0.136606  -0.732573  -0.669971   0.10629  0.296746 
-0.553673  -0.724529   22.2979  0.0749053  -0.428364   1.16574  0.547564  0.309396 
0.237735  -0.498745  -4.05786  0.0884662  -0.210998  0.392443  0.588132  0.415517 
0.680782  -0.503646    62.607  0.0390511  -0.354522  0.933251  0.483943  0.617962 
-0.777568  -0.806287   22.0527  -0.00630846  0.060708  -1.28454  0.183266  0.574413 
-0.132516  -1.38057  -8.61705  -0.153824  -1.00036  -0.67169  0.457538  0.152191 
 -0.3925  -0.837857  -16.2997  -0.122026  0.0955712  -1.25098  0.0981833  0.0346302 
 1.70283  -0.583947   50.6073  -0.194688  -0.227459   1.40312  -0.312891  0.115422 
-0.204302  -0.578422  -18.5485  -0.139908  0.479715  0.376232  -0.647241  0.0380448 
0.0434854  -0.611501   13.2164  -0.196186   1.13775  0.500439  -0.965392  -0.263557 
0.442021  -0.594153   -25.638  -0.234835  0.716173  -0.918653  -0.939368  -0.241687 
-0.472152  0.331169  -5.60769   0.23457  -0.889948   -1.1016  -0.348792  0.283312 
-0.196975  0.410181  -7.99036  0.277666  -1.07317  0.128806  0.223694  0.0321803 
0.435967  0.712899  -17.9834  0.462016  0.130507   1.10691  0.525372  -0.014325 
-0.916513  0.547471  -34.6391   0.27552  0.781706  0.268721  0.566059  -0.0130645 
0.673367  0.863242  -48.4742  0.146666  0.046884  0.461228  0.512681  0.227195 
-1.51293  0.903697   1.87138  0.0718526  0.570468  -0.622065  0.286866  -0.0341337 
-0.576344   0.20852   12.1017  0.139868  -0.816584  -1.30981  -0.0270707    0.4187 
-1.57494  -0.124839  -1.38101  0.379449   0.21961  0.564795  -0.170585  -0.0513279 
 1.29541  -0.338161   4.32598   0.37584  0.110305    1.3303  -0.238344   -0.2138 
0.525783  -0.163463  -5.52979   0.44002  -0.075766  0.588609  -0.322102  -0.289841 
-0.669038  0.00763064  -52.3649  0.303914  -0.952003  0.353817  -0.0585218  -0.288641 
-0.0284652  -0.027778   3.48073  0.288525  -0.0489313  -0.853976  -0.0486004  -0.29843 
-0.375566  0.682513   -15.989  0.305834  -0.73635  -1.34192  -0.190786  0.637141 
0.768412  0.793985  -6.77165  0.247819  0.470688  0.183083  -0.116883  0.140071 
-0.236155  0.545559   27.7353  0.248208  0.395781   2.17029  0.027116  -0.0627646 
0.679386  0.463084   44.5796  0.0590358  0.555541    1.0863  -0.0440248  0.165992 
-0.805465  0.638608   9.54448  0.121348   0.32604  -0.0980946  -0.0218025  0.315105 
-0.0332548   0.56908   15.5901  -0.00350768  0.973766  -0.294987  -0.118229  0.124375 
0.537837  -0.469542  -8.37962  0.0131863  -0.745689  -1.80594  -0.926308  0.246211 
-0.727596  -0.52129  -24.8623  0.00776722  0.499884  0.387772  -1.03887  -0.0219922 
-1.03026  -0.767684   11.4447  -0.0833045   0.94411   1.85228  -1.43964  -0.378985 
-0.908417  -1.03929  -19.3111  -0.175906  -0.151003  0.891187  -0.614455  -0.391756 
0.897938  -1.22962   70.2538  -0.166306  0.637108  -0.219806  -0.283304  -0.527252 
 1.20714  -1.05846   2.19945  -0.087886  0.478671  -0.625998  0.325454  -0.597734 
0.412121  -0.934844   13.3297  0.137487  -0.279432  -2.16675  -0.45713  -0.396395 
0.821204  -0.775238   16.6471  0.00883656  -0.0691751  0.317061  -0.474882  -0.333662 
0.383332  -0.74096   -48.346  0.281368  0.367664   2.54277  -0.669537  -0.0992734 
-2.10331  -0.969372   61.6983  0.219275  0.377144  0.138475  -0.585478   0.13752 
 1.15741  -1.07902   52.2632   0.16941   1.41997  -1.06392  -0.156376  -0.292637 
-0.422291  -1.87667   67.6088  0.145063  -0.657177  -1.42721  -0.130285  -0.460742 
-0.455545  -0.482461   34.4391  -0.175078   2.00784  -1.52556  -0.530992  -0.38825 
0.823392  -0.526544   44.8564  -0.356049  0.261996  0.187749  -0.700098  -0.465096 
-0.796282  -0.672535   69.2634  -0.171379  -0.334328   1.77396  -0.891947  -0.452511 
-0.965256  -0.808748   11.6076  -0.161146  -0.445845  0.771064  -0.389591  -0.0322583 
-0.529431  -0.643267   9.77255  -0.238773  -0.259291  -0.694428  -0.256695  -0.605705 
0.803315  -0.564322   74.9182  -0.153464  0.406266  -2.08742  -0.766353  -0.647232 
-1.37453   0.92157  -3.15155  -0.306937  -0.14768  -2.07417  -0.117194  0.226262 
-1.20974  0.999121  -17.7342  -0.154034   -1.0641  0.042338  0.0256338  -0.202957 
0.555981   1.23969  -10.3272  -0.0625614  -0.394815   1.32195  -0.332283  -0.071651 
-1.11884   1.18258    18.117  0.133145  0.310932   1.35775  -0.194521  0.0646145 
0.343107   1.03916  -49.2181  0.137329  -0.918289  -0.63624  -0.434521  0.186575 
-0.927932   1.08555  -17.8725  0.0622779   1.64411  -1.84483  -0.554017  0.0404797 
-1.32809   0.69135    7.6578  0.201663  -0.239794  -1.97288  -1.72803  -0.458071 
 0.22672  0.644252  -47.9249  0.183184  -0.752794  0.0176267  -1.90039  -0.84948 
-1.90282   0.41602   17.6821  0.0623665  -0.792374   1.39813  -1.38157  -0.701154 
 1.16903   0.35635   27.9264  0.0965417  -0.0195181  0.296241  -1.14061  -0.418913 
 1.23766  0.0266991   43.9913  0.0427598  -0.507708  -0.260251  -0.966654  -0.735928 
0.298431  0.135971   24.4369  -0.055028  0.860661  -1.54814  -0.723301  -0.678744 
-0.894486  0.0859239   5.96716  -0.154877  -0.279186  -2.09719   0.21681  -0.535246 
-0.113799  0.0258621  -5.71551  -0.120926  0.533227  -0.601885  0.101593  -0.593729 
0.0793352  -0.461692   48.8915  -0.175817  0.530636   1.30842  -0.188302  -0.492462 
-0.408724  -0.396666   7.93571  -0.0799833  0.0172242   0.12193  -0.219833  -0.344845 
 1.38593  -0.451886   45.4006  0.017029  -0.195088  0.351238  -0.184252  -0.272736 
-0.390904  -0.0773683   55.7462  -0.0456236  0.726399  -1.63656  -0.122607  -0.398961 
0.00611613  0.0591327   2.97652  0.192984  -0.0501032   -2.1055  -0.12528  -0.83179 
 0.19153  -0.112425  -16.9061   0.19934   0.19035  0.331904  -0.24477  -0.603791 
0.933614  -0.0303814   5.50084  0.133223  0.484181  0.900811  0.0733069  -0.459822 
0.609098  0.191435   8.04506  0.247062  -1.17073  -0.304481  0.202089  -0.568314 
0.619231  0.0459934  -4.49002  0.0945043  0.440022  0.597626  0.0290489  -0.677705 
0.170265  -0.103489  -1.44442  0.146243  -1.61734  -1.68307  0.195413  -0.864681 
0.274041  0.118763   14.9859  0.137657  -0.20836  -2.75771  0.816613  -0.201884 
0.147437  0.302375   24.0032  0.0287174   1.60715  -0.449407  0.0959449  0.272939 
-0.197433  -0.0402113   44.0102  0.0421823  0.0922069    0.9558  -0.692368  0.881594 
-0.39805  -0.322469   31.5544  0.133422  0.500283  -0.508492  -0.395596   1.21188 
-0.597925  -0.608328   73.1193  0.00367611    1.0986  0.665915  -0.240797   1.62669 
 1.70427  -0.617614   48.1649  -0.0494313   1.07492  -1.63418  0.0785215   1.24597 
0.515429  -0.578448   5.59523  -0.0226478  -0.174899  -2.39243  0.0857605  -0.0297594 
-1.01447  -0.280926  -57.0874  -0.141584  0.276455  -0.361119  0.0331857  -0.158207 
 1.48908  -0.163014  -12.7805  -0.0338264  -0.746555   1.07619  -0.168332  -0.23596 
0.255579  -0.185549  -5.83622  -0.178641     0.371  -0.206804  -0.101292  0.0128665 
-0.187909  -0.457418   38.0287  -0.0834835  -0.142188    1.2895  -0.353869  0.102122 
0.518944  -0.367108    6.8743  -0.0350751  0.270515  -1.14799  0.108997   0.10037 
-0.468732  -0.00185121  -5.29541  -0.150502   2.33036  -1.05834  0.767543  -0.648181 
0.555052  0.248763  -10.4781  -0.140012  -0.415824   0.23777   1.30112  -0.178982 
-0.0758146   0.84118  -32.5711  -0.0900214  -0.534155   1.31288   1.38194  0.270001 
-3.41139  0.944204   60.7731  -0.112422  0.176524  -0.0896151   1.31883  0.905674 
-1.44042  0.980911  -7.26196  -0.246661  0.943706   1.57239  0.866683  0.894666 
0.594238   1.00803   21.3837  -0.100631   1.20998   -0.1487  0.669072  0.919553 
 0.98795  -0.806726  -8.78606  -0.053942  0.608441  -1.23925  -0.462306  -0.16996 
-1.76659  -0.77126  -19.2687  -0.0767693  0.166454  0.563159  -0.802702  -0.0617969 
-3.61674  -0.588111   40.8383  -0.163373   0.73987   1.11487  -0.556591  -0.205567 
-0.698438  -0.919557   21.5825  -0.313674  -0.875687  0.460774  -0.716963  -0.305524 
0.798176  -1.07809   31.9474  -0.356765  -0.339877   1.34598  -1.04503  -0.604875 
0.547811  -0.967525  -4.10699  -0.323954  0.550539  -1.05661  -1.35077  -0.311871 
  -1.022  0.341541  -17.8767  -0.162956  -0.439944  -0.75916  -0.192112  -0.0326991 
0.190845  0.704323  -52.5594  -0.249385  0.532861  0.121747  -0.579844  -0.169103 
-0.547959  0.947892  -5.25239  -0.27769  -0.269158  0.716355  -0.924035  -0.114032 
-0.777332   1.41805  -52.7082  -0.236268  0.424165  0.239362  -0.596097  0.233155 
0.301795   1.56994  -27.4432  -0.288247  0.0443705   0.73917  -0.253852   0.12433 
0.440827   1.79274  -41.2976  -0.348193  0.0951779  -1.51142  -0.650847   0.50834 
-0.635148  -0.0894232  -0.467344  -0.060683   1.02752  -0.181471  0.361683  -0.237263 
0.666932  0.262963   2.84999  -0.103664  0.574994  -0.132164   1.01639  0.120673 
-1.54771  0.385479   -34.643  -0.112674  0.427325  0.996344  0.520334  0.126563 
 1.97231  -0.0402159  -43.8988  -0.141497  -0.851233  0.635651  -0.281287  0.596814 
0.270158  -0.135893  -31.7339  -0.122525  -0.328118   1.08986  -0.341482  0.282873 
 1.05934  -0.125075  -19.4883  -0.136667   -1.6028  -1.33173  -0.170945  -0.0358704 
-0.220167  -0.299469   -19.158   -0.3153  -0.0578533  0.00571746  -0.110096  0.163098 
0.838177  0.0823281  -21.5407  -0.375269  0.684011  0.176625  -0.988407  0.534958 
0.939599  0.0203559   20.2663  -0.237946  0.0516431  -0.419968  -1.17459  0.739742 
0.667233  -0.102994   15.3106  -0.136198  0.0620556   0.19254  -0.685882   0.75615 
-0.167593  -0.557495  -1.22453  -0.163687  0.153808  0.956347  -0.770561  0.879799 
-0.0230899  -0.385022  -35.4789  -0.225164   1.14102  -0.830846  -0.997135  0.777605 
-0.998387  -0.46557  -20.8486  -0.262583  -0.732709  -0.341094  0.307188  0.197601 
0.488543  0.480287  -26.4313  -0.400263  0.250402  0.773314   1.03193  0.113288 
 1.75155  0.610117   16.4757  -0.368585  -1.11079  0.505521   1.16776   0.13706 
-0.144193  0.459333  -47.3801  -0.31371  -0.452491  -1.44307  0.422913  0.0125673 
-0.466971  0.292509  -35.3152  -0.26802  -0.412214   1.02784  0.171282  -0.385848 
-0.832467   0.38323  -7.16956  -0.200376  -1.50848  -1.15576  0.341951  -0.0394656 
-0.486024  0.618612   3.26073  -0.0761085  -0.494728  0.108795  0.102053  -0.101445 
-0.975408  0.301236  -41.9219  -0.21311  0.367631  0.980302  -0.407629  -0.392615 
  0.7064  0.128948    28.285  -0.0682661  0.682095  -0.14819  -0.834344  -0.276014 
 1.04466  0.467639  -3.37073  -0.172067  0.0168741  -0.436383  -0.718546  -0.217775 
0.345062  0.711822  0.794183  -0.163682  0.535462   1.51332  -0.793602  -0.00029561 
-0.267698  0.964075  -17.8602  -0.286035  0.627118  -0.847068  -0.524052   0.56171 
-0.00385477  -0.030624   5.57008  -0.0615746  0.931215  0.119584  -0.071094  0.464619 
0.267363  -0.350062   47.8874  -0.227244  0.400818   1.03319  -0.474335  -0.253735 
-0.040134  -0.735656  -49.3056  -0.300499  0.223872  -0.436402  -0.27753  -0.164041 
0.889603  -0.939561   56.8386  -0.202616  0.00360004  0.380206  0.0510152  0.206211 
-0.874134  -0.786202   37.2035  -0.194711  0.236667   1.31701  -0.122297  -0.132762 
-0.979072  -0.771707  -1.25085   -0.2599  -0.480138  -0.52518  -0.265485  -0.370869 
-1.91467  -0.719105   17.7794  -0.394888   1.18928  -0.157928  0.529729  0.297877 
0.811247  -0.80211   56.4968  -0.405524  -0.609151   0.77758  0.201994  0.103319 
-0.655356  -0.833206  -22.7962  -0.372085  -0.364021  -0.038713  -0.47325  -0.0553743 
0.462139  -0.802533    16.748  -0.46469  0.906838  -0.477306  -0.527566  -0.375204 
-0.286083  -0.724127  -10.7871  -0.396694  -0.510736  0.980202  -0.475063  -0.198355 
-0.645836  -0.904126   27.7585  -0.306746  -0.0883584  -0.895891  -0.421062  -0.506664 
-0.661633  0.625778   -7.6112  -0.582167  0.931064  0.309361  -0.0799311  0.423927 
-1.31238  0.763711  -40.2939  -0.479082   1.54703  0.837468  0.0258463  0.942049 
-0.861192   1.15514  -88.2869  -0.347704  -0.117811   1.07038  -0.0398222  0.728992 
-2.17782   1.36808  -24.8427  -0.440981  0.120602  -0.485117  -0.404645  0.665099 
-0.0523713   1.47906  -40.8777  -0.409152  -1.05553   0.84519  -0.30827  0.988799 
0.263821   1.85579  -14.1321  -0.414735  -0.128723  -0.818402  -0.0212428   1.08029 
-1.36212  -0.698672  -3.60185  -0.172007  -0.226305   0.21375  0.667709  0.272251 
-0.119274   -0.8445  -21.6845  -0.133113  0.918178  -0.638943  0.292737  -0.0128048 
0.575958  -1.19266   6.62248  -0.0989369  0.344536   1.83186  0.292941  0.0450407 
 1.61721  -1.31481   65.4667  -0.183114  0.177221  -0.351428  0.703371  -0.293926 
0.316437  -1.36626   15.9316  -0.160905  -0.0761504  0.963679  0.597797  -0.21271 
0.802271  -1.62859   48.4772  -0.293136  -0.682254  -0.568614  0.428041  -0.0466991 
-0.208733  -1.03879   8.20751  -0.697612  -0.0641995  -0.0348617  0.640194  0.125001 
-0.0788805  -0.882293  -56.9752  -0.617008  0.0217574  -1.19195  0.825964  0.395241 
-0.206875  -0.585675   1.53183  -0.636816  0.512431   1.04855  0.557925  -0.0240506 
-2.08756  -0.242446  -13.8239  -0.616076  0.152717   0.38686  0.289232  -0.0542759 
 1.17465  -0.381434   -29.759  -0.635067  0.632625   1.22057  -0.233939  -0.35324 
0.0902918  -0.614035   29.1866  -0.575162  -0.270888  -0.451125  -0.428554  -0.0593728 
-1.51638  -0.886676  -11.7831  -0.440704  -0.736641  -0.348873  0.210535  0.170933 
-0.360781   -1.1773   17.2342  -0.319032  -0.354476  -0.792566  0.306847  0.404324 
-1.48641  -1.07425   18.0412  -0.164265  0.101027   1.26584  0.0214377  0.460465 
 0.92742  -1.22863   22.6854  -0.0797869  -0.0945582  0.711449  -0.413469  -0.285577 
 1.61012   -1.3925   57.7503  -0.246119  0.888459   1.13246  -0.295497  -0.774014 
 1.17971  -1.49635   44.2959  -0.388096  -0.578022  -0.174136  -0.204864  -0.909414 
0.647719  -0.499781  -15.6738  -0.496622   1.14013  -0.577784  -0.680352  0.0550073 
 -0.3555  -0.0814307  -20.9565  -0.439374   0.35751  -1.43128  -0.729093  0.524595 
0.611253  0.131521   16.1506  -0.222478  -0.609715   1.47423    -1.077  0.900511 
0.862854  0.391634   36.5948  -0.0256067  -0.481756   1.49204  -0.59861  0.397147 
0.276753   0.54603  -21.9403  -0.190616  -1.62938   1.33185  -0.682069  0.0740686 
-0.585708   1.05248  -45.4947  -0.252558  0.953665  -0.0726474  -0.619894  -0.119789 
-0.635376  0.0279776   19.5356  -0.160022  -0.490812  -0.852296  -0.296477  -0.267199 
-0.881717  0.314031   25.4529  -0.0240696   -0.3496  -1.84939  -0.187944  0.0319308 
-0.562037  0.389944   38.5599  -0.0303396  0.0558114   1.41742  -0.385008  0.0655434 
-0.360557   0.26858  -2.49587  -0.142036  -0.194854  0.306126  -0.123514  0.144602 
0.870047   0.64612   -25.231  -0.192214  -0.313171  0.205234  0.169747  0.116496 
 0.41204  0.929994   11.9147  -0.217355  0.745073  0.505941  -0.182203  0.824417 
-0.727035  -0.492756  -2.05506  -0.209068  0.428462  -0.349707  -0.625018  -0.0150604 
 0.49201  -0.398916   36.7623  -0.259069  0.666009   -1.8836  -0.517349  0.400146 
 -2.0093  -0.244807   4.06926  -0.282262  -0.537306   1.65231  -0.322545  0.294024 
 2.02514  -0.505762   31.5135  -0.219285  -0.634657  0.785615  -0.464472   0.11563 
0.745883  -0.452121  -9.92159  -0.176881  0.165939  -0.379177  -0.497619  0.463116 
-0.054314  -0.156105   -22.276  -0.191264  -0.00366382   0.59273  -0.404903  0.416231 
0.545419  -0.012177  -11.8457  0.00795315  -0.145924  -0.465418  0.0317794  0.220237 
 1.75889  0.00363702  -19.4284  0.099039  0.348603  -2.18251  0.302623  0.534684 
 2.23887  -0.168628  -46.2214  -0.0388123  0.302057    1.6395  0.433917  0.143749 
0.370176  0.162776  -42.9772  -0.0975959  0.132655    1.3062  0.506931  -0.14864 
0.881176  0.511419  -30.5122  -0.0157191   0.28057  0.0170112   0.34273  -0.260595 
0.961249  0.417564  -31.2666  -0.0413228  0.345971  -0.0248814  0.181042  -0.183317 
0.0298764  0.301126  -8.23635  0.283106  -1.01282  -0.89963  0.100632  0.420305 
0.721203  0.496523    52.281  0.147654  0.649148  -1.93602  -0.170497  -0.34184 
-1.33331  0.230495   6.28795  0.0313529  -0.357031  0.819885  0.159905  -0.159177 
-0.416909  -0.112685   11.4322  -0.033007  -0.682758   1.09849  -0.123135  0.250839 
-1.09347  -0.0342754  -34.0029  -0.0396278  0.775839   -0.7111  0.127806  -0.317487 
0.956219  0.0476613  -25.5573  -0.087763  -0.713866  -0.0456927  -0.261131  -0.270291 
-0.125854  -0.356303   5.97301  0.0909528  0.223506  0.427459  -0.0357388  0.184877 
0.518416  -0.17897  -24.1097  0.0538026  -0.534727  -1.32753  0.225464  -0.121995 
-0.569865  -0.352858   16.8973  -0.0375166  0.494703  0.530774  0.109491  -0.314429 
-1.32174  -0.271692  -15.6584  -0.0751177  0.125784  0.629481  0.421704  -0.450282 
-1.00386  0.041251   28.3065  -0.0259275  -0.181619  -0.855911  0.494738  -0.496574 
0.111749  0.000956085  -26.3479  -0.212415  -0.0676864  0.130996  0.824449  -0.340798 
-0.0550922  0.665012  -1.91764  -0.147463  0.101607  0.692048  -0.0448701  0.485294 
0.255691  0.805123  -33.2003  -0.215515  -1.25443  -1.07164  -0.331888  0.343388 
-0.16159  0.646796  -55.6933  -0.269434  -0.186787  0.0479625  -0.697389  0.430916 
0.570008  0.969816   26.5509  -0.350998  0.607983   0.73147  -0.600298  0.466873 
0.950114   1.69787  -48.9842  -0.261416  0.400554  -0.956823  -0.330275  0.314767 
-1.32966   2.24749  -28.6386  -0.386201  0.526312  0.825385  -0.135816   1.03006 
0.132357   1.09524   2.59172  0.00473265  -0.244549   1.32954   -0.6787  -0.159997 
-0.0535686  0.807921  -24.9909  -0.021686  0.286915  -1.20276  -0.584071  0.364711 
 1.00062  0.174253   1.71605  -0.00194202  0.164402  0.0669512  -0.280983   0.83002 
0.871241  -0.00932177   51.4603  -0.0384881  0.342817  0.670959  -0.0487681  0.426254 
-0.537498  -0.283592   80.7252  -0.0840491  -0.861927  -1.06883  -0.0989048  0.426159 
 1.44644  -0.84052   12.6708  -0.144684   1.04423  0.913673  -0.246723  0.138275 
-0.720026  -0.518666  -13.2989  -0.0832736  0.777652  0.742225  0.331247  -0.36046 
0.542193  -0.614108   11.1184  -0.374079  0.198561  -1.68647   0.58682  -0.295508 
0.187578  -0.228324  -10.7746  -0.28246  -0.311465   0.55474  0.541854  -0.371217 
-0.710507  -0.00505031   17.1696  -0.107578  0.146395  0.989447  0.927475  -0.129633 
-0.568042  -0.11287  -27.4655  -0.0904927  0.223009  -1.47085   1.00131  -0.124271 
-0.60649  -0.386834  -17.2199  -0.316907  0.480908  0.731562  0.461551  -0.100299 
-0.419313  -0.815957  -8.38957  -0.432627  -0.261568  -0.117386    0.2886  0.0729366 
-0.781689  -0.639333  -22.3722  -0.120853  -0.390385  -2.17988  0.00898602  -0.328264 
 1.90938  -0.463332  -18.5653  -0.0739486  0.273066  0.278929  0.385581  0.187778 
 1.18857  -0.314937   -23.421  -0.270627  0.205237  0.530836  0.244139  0.0773995 
 1.68548  -0.478341  -22.4561  -0.26052  -0.769818  -0.799557  0.054425  0.194951 
0.593792  -0.204994   36.4895  -0.310522  -0.0451379  -0.170549  0.358179  -0.00893506 
-2.25028  -0.327252  -8.78021  -0.286353  0.777855  -0.194998  -0.00595496  0.199401 
-0.783309  -0.0399024   14.8371  -0.293182  0.395264  -2.25149  0.621439   0.18909 
0.350998  0.151665  -33.5559  -0.244215  0.138167  0.426917  0.0324322  -0.114015 
0.200369  0.548091  -28.4117  -0.302597   -1.2206  0.0107246  0.0115611  0.394267 
 1.15103  0.732818  -56.4467  -0.29163  -1.14534  -0.070768  0.261392   0.78488 
0.255838   1.07109  -6.60114  -0.380919   1.91346  -0.318861  -0.276576  0.287882 
0.225683  0.808289  -7.47085  0.130499  -0.424738  -0.696409  0.234531  0.0634891 
-0.256646    1.1634  -46.9535   0.26059  -0.58176   -2.7185  0.694932   0.03507 
-1.05049   1.53551  -65.1465  0.346722  -0.0384855  0.823406   1.23168  -0.21556 
 1.15138   1.77316  -4.90231  0.427247  -0.999257  0.0129133  0.958354  0.263585 
 -0.6877   1.83512  -32.4374  0.224915  0.184614  0.113221  0.831388  0.400113 
0.867565   1.49879   9.40821  0.0965365  0.645706  -0.263772  0.415778  0.436941 
-0.606598   -1.0346   -1.9615  0.226333  -0.0706821  -0.52012   1.05389  -0.590766 
-0.608733  -1.45296  -6.24417  0.276456  0.455476  -2.29021   1.09038  -0.12195 
 1.33879  -1.45284   51.2628  0.225065  0.297235  0.628395   1.36401  0.0367987 
-0.308043  -0.947182   34.3071  0.0660028  0.532766  0.489702   1.10977  0.000419196 
-0.451429  -0.785664    35.672  -0.0485065  0.206908  -0.392491  0.493066  -0.319443 
-2.54246   -1.6064  -27.0824  -0.0919651  -0.522888  -0.729283  0.580877  -0.417576 
 2.38143  -0.67951  -9.65214  -0.129274  0.499551  -0.218031  0.320412  -0.324181 
 2.43783  -0.333074   20.7652  0.203912  -0.188155  -2.41192  0.617246  -0.522339 
 1.22801  -0.320174   14.2722  0.328239  0.0472375  0.262783  0.562059  0.125631 
-0.531019  -0.306113  -10.7836  0.278651  0.957035  0.662091  0.723894  -0.499328 
-0.292111  -0.103208  -4.11867  -0.0191408  0.459771  -0.517602  0.620838  -0.301294 
0.616423  -0.137717  -28.7731  -0.0804715  0.559167  -0.337595  0.498343  -0.571654 
-1.60954  0.261013   55.4572  -0.0623165  -1.45682  -0.350143  -0.235738  -0.585699 
-5.42202e-05  0.162728   9.37455  -0.0637705  0.306899  -2.18344  0.251519  -0.394028 
-0.533853  0.336941  -8.91847  0.007549  -0.053881  0.043472  -0.0867506   0.13414 
0.626737  0.437202   41.7258  0.107716  0.394606  0.642379  -0.0777997  -0.246095 
 1.57969  0.413309   19.9907  0.236753  0.227437  -0.685613  0.206519  -0.342249 
 1.19507  0.475178   23.4363  0.159032  0.360309  -0.294906   0.52702  -0.969097 
-0.0361037  0.442354  -1.63343  -0.289485  0.204798  -0.486554  0.416407  0.915067 
-0.88905  0.757992   23.0839  -0.19173  -0.220051  -2.57185   1.14688  0.498311 
-0.688299  0.996917  -11.2091  -0.230651  -0.344657  -0.548539  0.608449  0.319963 
 0.85573  0.884221   1.23513  -0.13457  0.660553  -0.333332  0.138285  -0.0280569 
-1.39895  0.611743     -43.4  -0.0610127  0.0390408  -0.301625  -0.181642  0.432756 
-0.114713   1.10619  -12.3544  -0.303557  -0.319205  -0.126317  -0.219852  0.373388 
-1.96536   1.19776  -2.82407  -0.24043  0.391695  -0.566465  -0.887592  -0.32797 
-2.41238  0.807971  -26.0067  -0.236518  -0.0310054  -2.75726  -0.741683  -0.793369 
0.352723  0.462983  -16.6998  -0.307273  -0.0290851  0.0883494  -0.559627  -0.512976 
 0.12715    0.2681   30.5445  -0.453868  0.730079  -1.01654  -0.470002  -0.931354 
-0.161773  0.130505  -19.3906  -0.430115   0.13631  0.168764  -0.348584  -0.506484 
-0.00850751  -0.0394494   -15.445  -0.399426  -0.86606  0.232972  -0.214785  -0.409965 
 1.03602  0.932191  -0.0147123  -0.174246  -1.27199  -0.0794767  0.0244806  0.252325 
 1.09263  0.582519   3.30262  -0.314292  -0.311476  -2.92357  0.0481396  0.261329 
 1.86475  0.458321   9.20961  -0.453856  -0.273194  0.355138  -0.0497884  0.557998 
 1.05168  0.335336  -52.4462  -0.245568  -0.0826429  -0.392955  -0.220854  -0.0595519 
0.949412  0.532705   39.6188  -0.181175  -0.513013  0.325053  0.612332  -0.232487 
0.628692   0.30747   12.9644  -0.303429  -1.80797  -0.21794  0.678261  -0.14387 
-1.30958  0.463799  -12.4054  -0.310265  -0.0545865  -0.185988  0.211792  0.734117 
  -1.788  0.537113    40.612  -0.256375  0.951836  -2.31128  -0.0644915  0.434072 
-0.150543  0.473176    62.219  -0.297885  0.403903  0.821027  -0.56544  0.733424 
 2.60701  0.720409   28.7632  -0.275761  -0.21373  -0.446366  0.0535428   1.20795 
-0.91823  0.650236  -20.3719  -0.269007  -0.277211  -0.0365585  -0.360606   1.14958 
-0.139561  0.989584   10.1737  -0.111661  -0.724359  -0.0582511  0.0117288   1.62344 
 1.33919   0.05352    26.004  0.276965  -0.746847  -0.956999  0.768244  -0.0329562 
-1.13255  0.0885576  -40.9787  0.381578  -0.678339  -1.59609  0.839479  -0.0457165 
-2.64505  0.0196216   12.8283  0.392472  -0.433747  0.322915  0.668997  -0.551818 
-0.472423  -0.41722   2.07254  0.279856  -0.359911  -0.0498772  0.358085  -0.52825 
  1.5701  -0.64829  -0.562533  0.034073  -0.0742859  -0.67307    0.1443  -0.132793 
-0.168209  -0.625717   10.1831  0.105984  -0.0456394  0.646538  -0.115311  -0.263911 
 1.31567  -0.227669  -11.8866  -0.0876001  -0.718601  -0.877311  0.803729  -0.472691 
-0.492762  -0.214732   14.2307  -0.131416  0.162034   -1.9567    1.2336  -0.728311 
-0.486346  -0.215047  -26.4623  -0.123505  0.489764  0.247404  0.650708  -0.515849 
-0.831724  -0.0249531   31.8819  0.0631698  0.0381375  0.615112  0.328657  -0.866049 
 -1.9606  -0.271958  -14.8532  0.0133051  -0.279578  -0.901581  -0.211271  -0.630557 
 1.37835  -0.205458   17.8924    -0.141  0.616784  0.468326  -0.140409  -0.846577 
0.722067  0.782468  -12.6773  0.0408675  -0.892482  -0.622722  -0.311974  -0.0508401 
-0.59962   1.28339   2.64005  -0.0539588  -1.00917  -2.40011  -0.877471  0.141542 
0.918318   1.75047  -2.75296  0.057613  0.0214585  0.650693  -0.27271  0.551999 
0.744249   2.05012   12.2913  0.0236068  0.275924    0.2544  0.044263  0.368579 
-0.199847   2.26359  -3.84382  0.110635  -0.268925  -1.28419  -0.0543897  0.886348 
-0.0730641   2.55543  -5.79821   0.20328  -1.44446  -0.333085  0.504147   1.19245 
-0.447219  0.718445  -10.4679  0.298188  -0.122528  -1.43303  0.208049  -0.0385383 
 1.95817  -0.164442  -18.6506  0.532204  -0.64108  -2.16273  0.846215  -0.166625 
 2.84168  -0.750665  -12.1436  0.460088  0.0851717  0.569181   0.62626  -0.775271 
 2.35724  -1.06734   2.30062  0.607551  0.535279  0.515589  0.686798  -0.622606 
0.821436  -1.07051   41.5655  0.337382  -1.05116    -1.137  0.575748  -0.330088 
0.867187  -1.21762   40.7111  0.326643  0.411684  -0.242696  0.484082  -0.521996 
 1.71698  -0.995692   39.2414  0.325027   0.36575  -1.26244  0.840078  -0.210078 
-0.968201  -0.975217   5.05875  0.244113  0.547173  -1.97514  0.526378  0.0109772 
0.615535  -0.947494  -21.9343  0.260067  -0.283902   0.75077    1.1471  0.254219 
0.439203  -1.02968    -39.09  0.419636  -0.690188  0.106778  0.717968  0.246885 
-0.310542  -0.921538   17.6749  0.304316   0.63736  -1.00682  0.0970625   0.21946 
 2.45089  -1.00573   49.6205  0.0830986  0.240701  -0.256108  0.0670097  -0.328576 
 1.48487  -0.722331   26.3508  0.171488  0.730584  -0.558556  0.198264  0.388364 
 0.27562  -0.579654   25.3681  0.0173661  -0.260314  -1.35045  -0.252611  0.0477355 
-0.148754  -0.460299  -14.8249  0.108162  -0.710412  0.606459  -0.356929  0.169435 
-0.14437  -0.313026  -24.8807  0.117564  0.0723343  0.374666  -0.256749  -0.0384599 
-2.21629  -0.362433  -45.9158  0.0962484  0.205818  -0.500226  -0.255336  0.140003 
0.699071  -0.477749  -31.8701  0.00126334    1.7218  -0.318219  -0.272095  -0.0209675 
-0.200234  -0.202246   8.66014  0.0484104  -0.38736  -0.357867  0.304629  -0.332782 
0.739466  0.00674707   57.6775  0.222004  -0.764777  -1.14036  0.157482  0.0072018 
-0.509027  0.157394  -3.81554  0.200404  0.0361425  0.139848  -0.123731  -0.68782 
 1.25037  0.120673  -51.8713  0.378939   0.32239  -0.155445  0.00487205  -0.324967 
 1.41814  -0.0476054  -53.5064  0.425305  -1.05689  0.728162  0.146106  -0.456386 
 1.44181  0.0681629   38.4392  0.305403  0.689906  -0.20023  0.262042  -0.501358 
 -2.3511  0.427737    2.6695  -0.0978322  0.561026  -0.297679  0.179336  -0.531882 
-0.24288  0.895204   7.68683  -0.169091  0.667539  -0.867571  0.462983  -0.190036 
-0.829848  0.920431  -150.506  -0.193893  0.528127  -0.475364  0.272744  -0.245913 
-0.694209   1.01743   -13.962  0.0745075  0.164603  -0.0964564  0.325823  -0.36236 
-0.848788   1.21569   -42.397  0.103343  -1.47392  0.341551  -0.0450537  0.654288 
-2.69221   1.42909  -12.0514  0.103695  -1.28424  -0.389342  0.0202907  0.702646 
0.728003  -0.475808  -25.8211  0.0783457  0.507899  -0.16409  -0.0877293  0.224961 
-0.88306  -0.0920176  -0.903818  0.110385  -0.101741  -0.842582  0.0866741   0.33531 
 1.23558  0.392902   21.3032  0.345108  0.0418641  0.239425  0.600487  0.311403 
0.900598  0.414244  -14.5526   0.52357  -0.667938  -0.0197677  0.631675    0.4583 
-0.573212  0.406262   4.31232  0.539888  -0.0755631   0.36074  0.567637  0.0556738 
-0.34265  0.622656   25.2579  0.605791  -0.374596  0.405647  0.346003  -0.0185723 
0.573599  0.174842   27.8882  0.049911  0.298798  -0.0268012  -0.333604  -0.581281 
 1.21769  0.308798  -2.59446  0.164008  -0.551882  -1.02799  -0.248695  -0.459298 
  1.0658  0.658361  -53.7875  0.299897  0.00551251  -0.116086  -0.0708453  -0.310671 
-0.342103    0.8996  0.756757  0.384313  -0.408665  0.110621  0.287118  0.0752442 
0.592296  0.933747  -48.5783  0.317003  0.706385  -0.468072  0.466875  0.220873 
0.310162  0.912661   19.0673  0.317781  -0.861348  0.979236  0.141131  0.166293 
-0.367011  0.409843  -8.70243  0.447613  -0.634338  -0.102513  -0.736373  0.086045 
-1.42515  0.219413  -20.3851  0.451114  -0.597614  -1.22801  -1.06034  -0.157422 
-0.403165  -0.0476553   25.2219  0.614964  0.0354927  0.270302  -0.681508  -0.486834 
0.125758  0.0992206  -53.8339  0.621202  0.561527   0.34601  -0.0358685  -0.422719 
-0.207859  0.0932995    31.631  0.585799  0.321777  -0.296883  0.148305  -0.601377 
-0.213034  0.126656   36.0766  0.385907  -0.753432   1.22342  0.403377  -0.549715 
 1.24716  0.0190038   33.7069  0.425357  -0.441394  -0.234724  0.274663  -0.221561 
0.317072  0.172459  -7.87575  0.433598  0.438826  -1.04702  0.446244  -0.304022 
0.495642  0.181052   13.3312  0.461929  0.0466406  -0.426709  0.253326  0.190409 
-1.37498  0.450023   48.2755  0.548626  -0.310847  0.395498  -0.0235156  0.317548 
-0.237387  0.717314   5.74039  0.439606  -0.178309  0.0626057  0.203822  0.808899 
0.950485  0.878661   -15.414  0.399281  -1.23566  0.755313  0.134217   1.09659 
-0.241083  -0.358941  -7.08372  0.194563  0.957377  -0.947335  0.325689  0.376603 
-0.784829  -0.179711   32.3336  0.103273  -1.15359  -0.874728  0.462183  0.346999 
-2.49423  -0.402643    7.8406  0.108474  -0.459073  -0.98622  0.406777  0.346936 
0.331291  -0.562541   15.9848  0.0151107  -0.120015  0.135987  0.284091  0.347352 
-0.457185  -0.973701   45.1497  0.223811  -0.159589  -0.270206   0.62426  0.478319 
-0.196008  -1.18894  -18.9046  0.308706  0.205496  0.306502  0.379234  0.198752 
-1.17616  -0.740378  -7.97436  0.303186   -1.1032  -0.551246  0.454363  0.129256 
 1.49656  -0.515481    40.943  0.481672  -0.532029  -0.442339   0.79739  0.452714 
-0.474191  -0.134789  -27.3501  0.427675  -0.156862  -0.406032  0.556471  0.769355 
-0.342232  0.0052724   21.1942  0.378521  0.410083  0.275676  0.772598  0.440709 
0.747325  -0.13656   1.65909  0.337228  0.122925  0.444083  0.433499  0.139146 
 1.65972  -0.170524  -23.7953  0.299595   1.19473   0.19609  0.292479  0.169211 
-0.893201  0.152157  -2.46501  -0.0620806   1.01336  -0.148558   0.82316  -0.128186 
 -0.4751  0.471882  -72.6477  0.192506  -1.38342   0.48915  0.0200542  0.0291251 
-1.17912   0.64019   -2.9407  0.318995  -0.844549  0.312757  -0.327147  -0.517766 
-1.57942  0.692579  -46.4965  0.229061   0.41216  0.151864  -0.364819  -0.277383 
-0.422648  0.789055  -21.6315  0.127049   0.34372  -0.0773282  -0.215694  -0.0719482 
0.428678   1.05632  -0.785932  0.287803  -1.60701  0.668679  -0.174909  0.0370883 
 1.02929  -0.119245   9.54435   0.61417  -0.732893  -0.839569  0.519049  -0.200964 
 2.19859  -0.517285  -24.2383  0.683863  -0.363105   1.18914  0.772299  -0.116663 
 2.35783  -0.895103   19.7687  0.644243  0.371177  0.525846  0.309234  -0.14129 
 1.31396  -1.23598   15.4129  0.764957  -0.865413  0.410953    0.5108  -0.263101 
0.717374  -1.46785   29.0778   0.52623  -0.277624  -0.42994  0.568801  -0.984439 
 1.33915  -1.50107   3.12342  0.421768  -0.294297  0.837068  0.782341  -0.894783 
 1.33749  -0.436026  -2.04629  0.221729  0.718368  -0.97908  0.0415199  -0.0988441 
-0.343373  -0.22828    22.071  0.289576  -0.668157  0.745327  -0.456528  0.0550462 
-1.09316  -0.271148   -31.522  0.182399  -0.216088  0.726534  -0.344621  -0.0398964 
-1.08919  -0.515094   39.2222  0.237861  -0.670233  0.669242  0.0837355  0.052507 
-1.99794  -0.689252   27.4872   0.26038  0.679601  -0.886351  0.171344  0.505827 
0.585834  -0.873011  -34.4672  0.256148  0.980666   1.28566  0.316023  0.625846 
-0.292595  -0.237866  -26.8369  0.229273  -1.23489  -0.948992  -0.412602  -0.737275 
0.130482  0.164504  -49.8196  0.406616  -1.29502  -0.243984  -0.258024  -0.0253869 
 1.43829  0.390369  -19.7126  0.465454  -0.303102   1.48122  -0.207945  0.489771 
0.616807  0.577364   15.9316  0.597563  -0.739339   0.53633  -0.0714043  0.812808 
-0.126746  0.472937   13.0965  0.655983  0.454074  -0.596162  -0.0246109  0.619522 
0.404628  0.419758  -12.0579  0.497255  -1.73012  0.677145  0.190582   0.40989 
0.178762  -0.310883   2.87242  0.258119   1.16268    -1.107  -0.263791  -0.611491 
-0.226646  -0.275626   65.9898  0.165759  0.571436  -0.935896  0.0586029  -0.460536 
 1.14372  -0.23915   40.4968  0.390698  -0.374737   1.40491  -0.297095  -0.304486 
-1.86906  -0.258273   5.04096  0.374259  0.816139  0.156419  -0.105398  -0.151065 
-1.61694  -0.0832158  -9.79412  0.427734  0.0259343  -0.796573  -0.301774  -0.199298 
0.140164  -0.0423725   62.6515  0.498607  -0.801766  0.247534  -0.145219  -0.0833203 
-0.547059  0.374745   12.7818  -0.00549083  0.199159  -1.21561  0.456988  -0.0718944 
0.312649  0.350358  -71.7009  0.0567128  -0.682656  -0.376307  0.136544  -0.240801 
-0.138039  0.0687256  -15.2939  0.272689  0.209769    1.9532  -0.379745  -0.408078 
0.0672518  0.0770891  -22.6497  0.424065  -0.578427  0.00520781  -0.139986  -0.574324 
-0.953292  0.364637  0.515238  0.401414  -0.252575  -0.825585  -0.0589734  -0.441456 
 0.65349   0.57753  -15.2392  0.424655  0.302502  -0.592577  0.109263  0.0880808 
0.219606  0.977024  -6.20887  0.0961172  0.739832  -1.69083  0.335163  0.161589 
 1.14774   1.29634   23.7085  0.161498  -0.385948  0.108982  -0.0796913  0.297551 
 1.57951    1.5722  -41.1845  0.174294  -0.945931   2.15829  -0.189664  0.441171 
0.923487   2.00707  -56.1403  0.277507   0.41317  0.0317965  -0.188361  0.534373 
0.207229   2.25983  -43.7754  0.492069  -0.579453   -1.4324  0.00852037  0.771095 
0.408653   2.48014  -40.4298  0.453323  -0.0707642  -0.868589  0.237157  0.618231 
